1363154400022 		240	0	240
1363157973098 		3659	3538	7197
1363157982040 		7335	110349	117684
1363157983019 		240	0	240
1363157984040 		1938	2910	4848
1363157984041 		6960	690	7650
1363157985066 		4962	49362	54324
1363157986029 		1938	180	2118
1363157986041 		180	180	360
1363157986072 		9531	2412	11943
1363157988072 		120	120	240
1363157990043 		11058	48243	59301
1363157991076 		132	1512	1644
1363157992093 		918	4938	5856
1363157993044 		1527	2106	3633
1363157993055 		2232	1908	4140
1363157995033 		3156	2936	6092
1363157995052 		264	0	264
1363157995074 		4116	1432	5548
1363157995093 		3008	3720	6728
